(3, [0.0, 0], [1.1476423977597174, 1], [4.103475487511605, 0])
(3, [0.0, 0], [2.371254991204478, 0], [4.221150492713788, 0])
(3, [0.0, 0], [1.678070298046805, 0], [4.17634423894342, 0])
(3, [0.0, 0], [2.170394290331751, 0], [4.220768794370815, 0])
(2, [0.0, 0], [2.0876624331111087, 0])
(3, [0.0, 0], [2.3529304950963708, 0], [2.238408436272293, 0])
(3, [0.0, 0], [1.405152053735219, 0], [3.4730401546228675, 0])
(3, [0.0, 0], [2.3007708810735497, 0], [3.598526888049683, 1])
(12, [0.0, 0], [2.070779183669947, 0], [3.4818286773748697, 0], [3.2329405607711528, 0], [0.4506862559268179, 0], [0.030504455165547242, 0], [0.001467186399540823, 0], [0.0005321459862593911, 0], [0.00023122969726295306, 0], [0.0, 0], [0.0, 0], [0.0, 0])
(12, [0.0, 0], [1.3558160161133856, 0], [2.7059012880316002, 0], [4.667699245316908, 0], [6.433734809118324, 0], [8.111950787575916, 0], [10.38755198509898, 0], [7.024543246424037, 0], [3.729029896056214, 0], [0.4739562973898621, 0], [0.22092286677476564, 1], [0.0018421170580755865, 0])
(10, [0.0, 0], [1.0221068449458202, 1], [4.867526877205819, 0], [7.079230172513053, 0], [8.446705576358363, 0], [7.486688033249429, 1], [11.89601010424085, 0], [12.87319923109375, 0], [13.086242387988605, 0], [12.861997448662297, 0])
(12, [0.0, 0], [1.341202155360952, 0], [3.4356321742525324, 0], [4.949212606926448, 0], [7.504557956708594, 0], [8.813081833464093, 0], [11.273785334825515, 0], [13.164615479018538, 0], [13.009043211266398, 0], [13.860619643107057, 0], [13.252859259638935, 0], [12.758357260734774, 0])
(12, [0.0, 0], [2.370939321862534, 0], [4.744956952449867, 0], [7.029529609694146, 0], [9.366604834166356, 0], [10.798346443171614, 0], [13.128471894026735, 0], [14.556961924326606, 0], [16.326164340996183, 0], [17.9248127556406, 0], [19.49053759116214, 0], [21.911030276282695, 0])
(12, [0.0, 0], [1.5112679572077468, 0], [4.092719156574458, 0], [6.622590687987396, 0], [9.135496697039343, 0], [11.712567722355015, 0], [13.244652707199565, 0], [2.538136102430746, 1], [17.248591288714668, 0], [17.3509482747394, 0], [14.08023180017325, 0], [10.164181492604154, 0])
(9, [0.0, 0], [1.851601881184615, 0], [1.6230577872060237, 1], [5.1636440711095934, 0], [6.037241639201529, 0], [6.718225762159563, 0], [8.865467743068002, 0], [11.240543037797325, 0], [12.901696591852232, 0])
(12, [0.0, 0], [1.6557269864482804, 0], [4.039413846703246, 0], [13.292814159792664, 1], [8.837440478219651, 0], [9.81779855099227, 0], [6.468986954069232, 0], [2.759766070260202, 0], [0.5764470884768993, 0], [0.006053098953498436, 0], [0.0011239216073761936, 0], [0.0005500960037238755, 0])
(12, [0.0, 0], [0.0, 0], [2.8747, 1], [0.0, 0], [0.0, 0], [0.0, 0], [0.0, 0], [0.0, 0], [0.0, 0], [1.767692045797594, 0], [3.9869993096683176, 0], [6.149876461201348, 0])
(22, [0.0, 0], [1.9814232136355714, 0], [4.188274067477323, 0], [43.928104752342364, 1], [8.162379970983602, 0], [9.671476908936166, 0], [7.79574593747966, 0], [3.313437216170132, 0], [2.7860749763203785, 0], [3.300981741119176, 0], [4.329511681819824, 1], [6.745580644509756, 0], [8.310380390263163, 0], [10.035288016404957, 0], [10.812797835179298, 0], [7.30245664509821, 0], [6.460553279775195, 0], [6.975306980288588, 0], [9.498606162890791, 0], [11.56943077002652, 0], [13.368773083831183, 0], [115.43620928937493, 1])
(22, [0.0, 0], [0.0, 0], [0.0, 0], [0.0, 0], [0.0, 0], [6.5945, 1], [0.0, 0], [0.0, 0], [0.0, 0], [0.0, 0], [0.0, 0], [0.0, 0], [0.0, 0], [0.0, 0], [0.0, 0], [0.1135, 1], [0.0, 0], [0.0, 0], [0.0, 0], [0.0, 0], [0.0, 0], [0.0, 0])
(22, [0.0, 0], [2.2477417365880683, 0], [4.110371129261329, 0], [4.221304197540042, 0], [6.810881238175092, 0], [9.186239154148383, 0], [11.076432547439357, 0], [12.58234553141566, 0], [87.79376763774668, 1], [17.01543106983928, 0], [19.448153284960895, 0], [20.867962387321057, 0], [22.282710259967025, 0], [21.84753777907323, 0], [19.53445153944287, 0], [10.841842798280481, 1], [15.343551744176475, 0], [2.3286434599370245, 1], [16.351179487327983, 0], [14.196412813540205, 1], [18.11132742500046, 0], [18.57436939508652, 0])
(22, [0.0, 0], [1.891703212982975, 0], [4.231801429623737, 0], [15.723466310136049, 1], [6.948353867954574, 0], [9.437314854539, 0], [11.977989496965893, 0], [5.514028518546447, 1], [6.941380191387759, 1], [17.967413859977388, 0], [20.04003813634627, 0], [133.94570456523837, 1], [22.064922309508546, 0], [21.839746435363775, 0], [21.349271197901107, 0], [8.493964510095468, 1], [21.02611256097909, 0], [21.437606437695212, 0], [21.705167489224113, 0], [22.16342363337055, 0], [21.953007399365305, 0], [22.19389540532604, 0])
(22, [0.0, 0], [2.119804144813679, 0], [2.78, 0], [2.0061364521924405, 0], [2.290188548499718, 0], [2.6510567565867675, 0], [1.251320151295336, 1], [2.2718863514205436, 0], [2.78, 0], [2.6072747002542016, 0], [5.02558665191289, 0], [6.392213335721753, 0], [6.6911867612614415, 1], [52.84938568971102, 1], [12.970603975299746, 0], [13.176795492796227, 0], [0.7663261902086972, 1], [13.57212548501324, 0], [13.007589487228543, 0], [13.29079851092305, 0], [13.276175113031641, 0], [13.843728795191273, 0])
(22, [10.1323, 1], [1.5796687150606885, 0], [3.9561332076322286, 0], [5.5680743239820005, 0], [7.779803311056458, 0], [9.925060140527785, 0], [11.483535061171278, 0], [12.999265422145836, 0], [12.613950580880047, 0], [13.547867999793962, 0], [7.672079221795115, 1], [124.55553903727836, 1], [12.711607891400345, 0], [12.686269967197441, 0], [10.96287946223157, 0], [6.684219754784058, 0], [2.804238968779014, 0], [3.476584246987477, 0], [2.908165894495323, 0], [4.224057243647985, 0], [5.666002934845165, 0], [7.491293617244811, 0])
(22, [10.4038, 1], [1.318861911725253, 0], [3.8189591257367286, 0], [4.240974748058246, 0], [6.004485022805632, 0], [7.309115934411995, 0], [9.381435374350287, 0], [10.972907049388624, 0], [12.392929094883613, 0], [12.724647235553713, 0], [13.55406392052304, 0], [12.77756671550218, 0], [13.760358061650768, 0], [13.359247232936323, 0], [13.393764491016046, 0], [13.252535016587936, 0], [13.6499743824685, 0], [13.186600953815505, 0], [11.124874809124512, 0], [6.6248748091245115, 0], [5.0859848148981115, 0], [5.146582941487432, 0])
(2, [0.0, 0], [2.217349327891134, 0])
(24, [0.0, 0], [1.3767537745647134, 0], [0.24858586948414568, 1], [4.143164935312234, 0], [5.474895492475481, 0], [7.829926104680636, 0], [10.04590231156908, 0], [12.24514054353349, 0], [13.741162095125764, 0], [15.150037622079253, 0], [17.683272645948456, 0], [19.472515976172875, 0], [21.578869201871573, 0], [21.04566392258741, 0], [17.018086061405203, 0], [13.089452043780776, 0], [9.477227334390735, 0], [5.236284169278914, 0], [0.9452556849942981, 0], [0.08933328971301234, 0], [0.023786267872642385, 1], [0.004011050325125291, 0], [0.0, 0], [0.0, 0])
(24, [0.0, 0], [1.9872557078953834, 0], [3.48071961759124, 0], [5.490333538316191, 0], [6.973116590897553, 0], [8.37366079632193, 0], [10.651317191147246, 0], [12.828891198849306, 0], [11.685517152928439, 0], [7.377489792514749, 0], [6.323397378351616, 0], [6.721855293386616, 0], [6.717546323556453, 0], [5.633170368928966, 0], [6.005720299552195, 0], [6.272926324582659, 0], [8.256456610001624, 0], [6.459389834713962, 1], [81.7641287764699, 1], [14.51796483010985, 0], [16.158525730366822, 0], [18.267740027536643, 0], [20.669621860538616, 0], [21.085524481958707, 0])
(11, [0.0, 0], [2.326505223545246, 0], [4.612825466087088, 0], [6.426193326385691, 0], [8.336101874057203, 0], [10.474868565588258, 0], [97.57771149597441, 1], [14.24238995600026, 0], [16.43388323506806, 0], [17.824814034975134, 0], [20.16605927986093, 0])
(14, [0.0, 0], [2.5367830444825814, 0], [4.750788993597962, 0], [6.273056337889285, 0], [8.844304510205985, 0], [10.401032836223022, 0], [2.777141533042726, 1], [14.174640119913967, 0], [15.7592744829366, 0], [17.22456379840151, 0], [13.818594052354944, 1], [21.84896832753904, 0], [22.019762787809594, 0], [21.909179447386414, 0])
(13, [0.0, 0], [2.4152130434522405, 0], [4.223619113140739, 0], [6.091447416110895, 0], [8.014617131394333, 0], [9.866803613863883, 0], [11.825517556606789, 0], [13.18534866645932, 0], [15.25618693141732, 0], [17.727105271606703, 0], [17.270004791411782, 1], [20.868104851990935, 0], [23.046415065438485, 0])
(13, [0.0, 0], [1.3424601142527537, 0], [1.7249899999999998, 1], [1.9670315148727966, 0], [3.52341274460312, 0], [5.020142012201251, 0], [6.859284986853601, 0], [9.400792411686854, 0], [11.762173415762375, 0], [13.039888319731691, 0], [13.33696686572861, 0], [12.790022063124926, 0], [9.853710133209825, 0])
(13, [0.0, 0], [1.365289577492513, 0], [28.70979407107114, 1], [5.423496757145039, 0], [7.468305433611386, 0], [4.71960735132753, 1], [12.006596020469443, 0], [13.36687242926564, 0], [15.312350870738737, 0], [17.20563770583831, 0], [19.202277937298643, 0], [21.120965074375274, 0], [23.152395361079837, 0])
(13, [0.0, 0], [1.436337152775377, 0], [2.9113865860039363, 0], [4.397220523306169, 0], [6.801506915153004, 0], [8.833643811871298, 0], [11.389202594826928, 0], [12.896714933691547, 0], [13.41302228556946, 0], [12.622812125445344, 0], [12.660221441541799, 0], [12.679179165964015, 0], [2.7903112007641457, 1])
(13, [0.0, 0], [1.8539281437173485, 0], [3.808353897719644, 0], [6.367256266181357, 0], [8.701025798846967, 0], [6.235772063397337, 0], [2.87665563684469, 0], [0.44528901459543524, 1], [0.006207245371021663, 0], [0.0008682695459098534, 1], [0.0007004034270787058, 0], [0.0, 0], [0.0, 0])
(13, [0.0, 0], [5.4099122380152505, 1], [2.595180929121561, 0], [2.327348832339048, 0], [1.7294629305787381, 0], [1.5270904610585418, 0], [16.85622263580387, 1], [8.110002975242592, 1], [2.120591431246139, 0], [1.908042091662064, 0], [2.140370422620326, 0], [2.1250424260227008, 0], [1.706552621554583, 0])
(13, [0.0, 0], [1.8888136142399161, 0], [3.6166553805815056, 0], [5.803060027421452, 0], [7.834678054624237, 0], [10.357409935607576, 0], [12.401998573215678, 0], [12.96372766325716, 0], [5.9721273957762255, 1], [4.928889257807283, 0], [3.045686219120398, 0], [3.157061647856608, 0], [2.7793998241191726, 0])
(9, [0.0, 0], [1.0926797445901701, 0], [1.0921619804778722, 0], [1.8441169045633938, 0], [1.9707823727466165, 0], [2.1672286053374408, 0], [2.5792241112282497, 0], [1.1729952045744638, 1], [3.645919037219783, 1])
(19, [0.0, 0], [2.044683168758638, 0], [3.6860651098657398, 0], [35.44458276799356, 1], [8.215250583575108, 0], [10.724547630455344, 0], [12.983172109792939, 0], [13.429301096997225, 0], [12.747559622474947, 0], [12.767133731986396, 0], [13.69117248191964, 0], [13.717419014065527, 0], [5.872371467514752, 1], [13.558313870206476, 0], [13.585845950511285, 0], [13.303756279530935, 0], [12.624472830127925, 0], [13.576561567662285, 0], [1.9179684541933333, 1])
(19, [0.0, 0], [1.714695097366348, 0], [3.907223608368077, 0], [5.358133152336815, 0], [6.775177178741434, 0], [9.346568249235863, 0], [11.870156765915455, 0], [13.308749355049805, 0], [15.505595232825728, 0], [16.969697936181912, 0], [19.443279804755004, 0], [21.8851540904725, 0], [21.998147387923673, 0], [22.024162836121395, 0], [21.32744523424655, 0], [21.457677410687317, 0], [21.711093496722167, 0], [21.283510028528983, 0], [20.812631642247627, 0])
(19, [0.0, 0], [1.8329402554314584, 0], [4.1725278357509525, 0], [6.690496354852804, 0], [4.336809374858159, 0], [2.3316019855706527, 1], [6.9275210144044825, 0], [9.47746499830857, 0], [11.686351618012413, 0], [13.607046784884295, 0], [15.752598999305626, 0], [17.09014120668173, 0], [19.07680879100692, 0], [21.67116604310461, 0], [23.906278741969732, 0], [25.568275810549974, 0], [27.394540409366602, 0], [26.60498892173171, 0], [27.66321347362362, 0])
(19, [0.0, 0], [1.7926032707327977, 0], [3.4794065461494026, 0], [24.933140162495835, 1], [4.019758127145816, 1], [5.9183508008299395, 0], [7.676820717453956, 0], [9.44874049381353, 0], [11.322008817903697, 0], [13.246649033050053, 0], [13.263530348669738, 0], [3.4775747232308465, 1], [13.49549373764079, 0], [13.460313281100245, 0], [13.064298897688278, 0], [13.777960088532419, 0], [13.725861696046778, 0], [13.593048800188118, 0], [13.790519726611674, 0])
(20, [1.4525, 1], [2.882983698292377, 1], [4.064966981112957, 0], [33.57998621781917, 1], [7.243166812998244, 0], [8.757740671769717, 0], [10.938715401850642, 0], [12.908979589003138, 0], [14.349881282355636, 0], [16.167519630980678, 0], [18.67416638657451, 0], [20.947312680212786, 0], [21.1841695887316, 0], [22.185167858637868, 0], [21.101721226288937, 0], [21.327736110175028, 0], [21.897165745361708, 0], [19.30880791829433, 0], [15.604561164545208, 0], [12.401066216722448, 0])
(19, [0.0, 0], [1.619073448283598, 0], [1.0054794510406537, 1], [5.408391420915724, 0], [7.854872048203834, 0], [66.88376019576432, 1], [7.369151906794742, 1], [14.208118381025269, 0], [15.902125156274998, 0], [6.78490787887732, 1], [19.642259995755744, 0], [21.638819979717955, 0], [22.088024081084875, 0], [183.9832426078626, 1], [21.828681604964657, 0], [21.113617617478592, 0], [20.597761276981043, 0], [16.097761276981043, 0], [11.086903664318253, 1])
(2, [0.0, 0], [2.0082553083775565, 0])
(7, [0.0, 0], [2.4112188225146385, 0], [4.048169262637385, 0], [5.7853982300497595, 0], [7.810262541775591, 0], [9.814918704191221, 0], [12.304268958535975, 0])
(5, [0.0, 0], [1.623625519662164, 0], [3.4755551940295843, 0], [5.004900362156332, 0], [7.363634683494457, 0])
(5, [0.0, 0], [1.8601607822347432, 0], [3.849511864548549, 0], [5.635373833612539, 0], [7.689105147239753, 0])
(5, [0.0, 0], [1.3395654580323026, 0], [3.468458620994352, 0], [5.015507452259772, 0], [6.997576809558087, 0])
(4, [0.0, 0], [2.553528246493079, 0], [4.056053729751147, 0], [5.203548713436024, 1])
(6, [0.0, 0], [0.0, 0], [0.0, 0], [0.0, 0], [0.0, 0], [0.0, 0])
(5, [0.0, 0], [1.9575007598847152, 0], [3.5495530190411957, 0], [1.515621032032259, 1], [7.524882091116162, 0])
(4, [0.0, 0], [1.5350172859616578, 0], [2.876542492420412, 0], [40.099165808467994, 1])
(14, [0.0, 0], [2.470749226305634, 0], [2.6492507736943662, 0], [4.133596265343949, 0], [5.86671810376458, 0], [6.037656712932511, 0], [8.397532577654346, 0], [42.79632464733844, 1], [12.280365369729696, 0], [13.374852867457085, 0], [13.847158221001738, 0], [12.858814873090015, 0], [13.230260908799247, 0], [12.877352080782876, 0])
(11, [0.0, 0], [1.93790415127296, 0], [3.685043052071705, 0], [5.199663327704183, 0], [7.183839902374892, 0], [9.598539630789308, 0], [11.277242654399013, 0], [13.5668188896263, 0], [10.603059723981119, 0], [66.17091310771859, 1], [2.4664592417453894, 0])
(16, [0.0, 0], [2.081548582506366, 0], [4.659781947429292, 0], [6.0227241671178495, 0], [8.220195456803777, 0], [3.0660834455218073, 1], [12.135288757877426, 0], [13.32394276907202, 0], [12.799732795646415, 0], [13.543249528934249, 0], [13.339511830182747, 0], [13.078978170580232, 0], [13.075509072220886, 0], [13.534353764294647, 0], [6.954205731690962, 1], [13.484174973689951, 0])
(14, [0.6134, 1], [2.5822913638316094, 0], [4.544989137118682, 0], [6.999441768950782, 0], [8.780121173034422, 0], [11.190286008361726, 0], [7.498622359858987, 1], [15.830632146145215, 0], [17.680834195739585, 0], [19.929855455947106, 0], [43.384964621032076, 1], [17.701801638015112, 0], [13.754988719448768, 0], [9.254988719448768, 0])
(14, [0.0, 0], [1.3174692593980581, 0], [1.8325026228989558, 0], [0.18498255734764474, 0], [0.05170846760100796, 0], [0.003338714668893732, 1], [0.000461995003074124, 0], [3.1212, 1], [0.0, 0], [0.0, 0], [0.0, 0], [0.0, 0], [0.2924, 1], [0.0, 0])
(15, [0.0, 0], [2.0481094600167125, 0], [1.5729067565361035, 0], [2.412079629274085, 0], [2.6597368554864076, 0], [2.599835076248273, 0], [2.1882551524974403, 0], [2.765265341540798, 0], [1.9369569536019116, 0], [2.4192302158288657, 0], [2.192088641664013, 0], [2.0702115304721516, 0], [2.2173468415113162, 0], [1.8295060165412722, 0], [1.9686252077529205, 0])
(14, [0.0, 0], [2.092204962205142, 0], [3.803106167586521, 0], [5.193737201858314, 0], [6.5991915140999495, 0], [8.279496009461583, 0], [10.334300265600906, 0], [12.382745849457569, 0], [12.383416327089071, 0], [7.954544830787928, 0], [3.5453718160511927, 0], [2.980701684183441, 0], [5.23273431577254, 0], [7.5381500414107, 0])
(16, [0.0, 0], [1.7673477750271558, 0], [3.473818073584698, 0], [5.430271321209148, 0], [32.04981957440455, 1], [9.750761922635139, 0], [11.910312092164531, 0], [12.682671095463448, 0], [12.631916431044228, 0], [12.682823681212032, 0], [25.508072836157755, 1], [13.875295031708665, 0], [12.805398687357084, 0], [76.45427996062416, 1], [12.685492176571861, 0], [12.761927509852686, 0])
(16, [0.0, 0], [1.6441499209729955, 0], [3.513608169998043, 0], [5.027087297546679, 0], [7.141748858662323, 0], [9.18183889721986, 0], [10.54080505524762, 0], [12.721377239911817, 0], [14.74307117224671, 0], [11.968673114406403, 0], [8.902952551583292, 0], [4.560960889970883, 0], [5.008941277340054, 0], [4.57840189662762, 0], [7.077240405641495, 0], [8.890574696324764, 0])
(17, [0.0, 0], [2.4758313920814543, 0], [2.489949266957119, 0], [2.4731623202515762, 0], [1.7677349919639525, 0], [2.4837543529411774, 0], [1.5654370140703393, 0], [1.8400369784282518, 0], [8.985988186143109, 1], [2.020061880671419, 0], [0.6996446822003708, 1], [2.013881406905129, 0], [2.4558706397842616, 0], [1.4991389461047946, 0], [1.8247486870689316, 0], [1.7035693073831497, 0], [2.78, 0])
(16, [0.0, 0], [1.7141260907519609, 0], [4.236291108396835, 0], [5.538776280567982, 0], [6.8717393049271775, 0], [8.368439544923604, 0], [10.851100284908897, 0], [12.306958309747277, 0], [14.674049496068617, 0], [16.928118202858602, 0], [18.862778098764828, 0], [20.79180704674218, 0], [21.427902466435917, 0], [21.977609927491283, 0], [3.8631635300249587, 1], [21.615011688023806, 0])
(16, [0.6945, 1], [1.39506379137747, 0], [3.439683686732315, 0], [5.540438565541991, 0], [7.123070881539026, 0], [9.249769376264886, 0], [10.921001030504705, 0], [12.833017808618026, 0], [14.407232763315552, 0], [15.869226820650512, 0], [17.62247380539775, 0], [19.756358404038476, 0], [17.299312319346004, 0], [13.033739159981328, 0], [8.630736483322533, 0], [3.5198005574391305, 1])
(16, [0.0, 0], [1.9098546179942786, 0], [3.8503743138164284, 0], [5.997087915008889, 0], [8.271961616398768, 0], [10.011841816734524, 0], [12.064391045435332, 0], [83.68019517581504, 1], [13.010890462072567, 0], [12.83032138476614, 0], [11.703719900336115, 0], [7.7271238695918605, 0], [7.540475146975368, 0], [6.990349499522708, 0], [8.719886886179447, 0], [10.77130537383724, 0])
(5, [0.0, 0], [0.736, 1], [0.0, 0], [0.0, 0], [0.0, 0])
(2, [2.8348, 1], [1.3408546005142854, 0])
(24, [0.0, 0], [1.6295088190352545, 0], [3.2684105255873876, 0], [4.9979187033372, 0], [6.767898425436579, 0], [8.745940586342476, 0], [10.738459785818122, 0], [12.48480327881407, 0], [12.615859444588423, 0], [13.63355997410603, 0], [9.435934296124918, 0], [4.935934296124918, 0], [7.074066707529431, 0], [7.3783787279808895, 0], [7.044351958967745, 0], [2.402328805944437, 1], [11.006743766269645, 0], [81.1814103927584, 1], [13.224320655371994, 0], [13.804487139205449, 0], [12.519719464071095, 0], [13.191824373225682, 0], [13.67909761889372, 0], [10.189240875663236, 0])
(24, [0.0, 0], [2.2056335009634496, 0], [4.507635493227281, 0], [6.904414581856691, 0], [8.590361764281988, 0], [10.328994011715986, 0], [12.17712164716795, 0], [13.523905378533527, 0], [15.420350830582903, 0], [18.007701908308082, 0], [19.517456979979762, 0], [232.88409851621608, 1], [21.95428174352739, 0], [21.82506783805322, 0], [22.067883198130875, 0], [20.9552064646082, 0], [21.83516549740918, 0], [21.106084328289143, 0], [21.81500489849597, 0], [19.998718410204166, 0], [22.156676536896263, 0], [22.07350463737268, 0], [21.20789899116382, 0], [21.227375161047092, 0])
(15, [0.0, 0], [1.9783105810172856, 0], [3.6678092049434783, 0], [4.995725599350409, 0], [7.508022470679135, 0], [9.019974894146436, 0], [10.879569790395909, 0], [12.62806096118875, 0], [14.677923176274636, 0], [16.56051525308285, 0], [17.89398841282819, 0], [20.253102856152697, 0], [21.023240805515087, 0], [18.594257802106434, 0], [14.094257802106434, 0])
(1, [0.0, 0])
(15, [0.0, 0], [1.8894453343003987, 0], [3.36009985266719, 0], [5.262029591249302, 0], [7.773724909708835, 0], [9.939032398723066, 0], [11.769971437077038, 0], [13.275288210483268, 0], [15.692088899877854, 0], [17.74189830792602, 0], [19.490476292138922, 0], [20.9280770466663, 0], [21.714168709637597, 0], [21.997932064514607, 0], [22.2141575094359, 0])
(8, [0.0, 0], [2.333785500843078, 0], [4.100267839152366, 0], [5.401555428886786, 0], [7.854118109960108, 0], [9.167413034848868, 0], [10.870747375069186, 0], [110.91155539338456, 1])
(15, [10.0225, 1], [1.5277778652962297, 0], [3.182228785939514, 0], [4.929868662729859, 0], [7.219245164375752, 0], [9.638743887050078, 0], [11.06168399984017, 0], [13.499100755015387, 0], [15.652023023995572, 0], [17.17391038038768, 0], [18.93844073854853, 0], [21.124419634416704, 0], [21.56711303578224, 0], [21.42427780849859, 0], [21.686271128598598, 0])
(15, [0.0, 0], [1.3006426068488508, 0], [2.4806087848218157, 0], [2.48267105998937, 0], [1.5875358293717725, 0], [1.713350990177132, 0], [1.6331255786772816, 0], [1.5214970641955732, 0], [1.4814391369884832, 0], [1.7496029351558533, 0], [1.8195127889933063, 0], [1.9330163151677695, 0], [2.4021500480314715, 0], [2.78, 0], [1.510933882948011, 0])
(14, [0.0, 0], [0.011406059394747243, 0], [0.05465251356318074, 0], [0.21416119040707482, 0], [1.5621226481094062, 0], [3.996619088591732, 0], [5.481789518699705, 0], [8.044057792884022, 0], [23.985512505135013, 1], [11.517086788609348, 0], [13.27147568116682, 0], [14.590680042135252, 0], [16.348845837258455, 0], [18.099674022941905, 0])
(21, [0.0, 0], [1.3843032849719747, 0], [3.065586771327071, 0], [4.7856260247528555, 0], [6.669720943877474, 0], [8.092229654360562, 0], [29.927750566789356, 1], [105.35281128655053, 1], [14.00802462636493, 0], [14.395495243649405, 1], [137.53227944064074, 1], [19.60948837311007, 0], [21.773955535725694, 0], [21.94547639692202, 0], [21.817427534591406, 0], [2.5378034573619197, 1], [23.527954061483033, 0], [25.507244834224696, 0], [26.208292188286773, 0], [26.011848943172282, 0], [26.970092561463826, 0])
(21, [0.0, 0], [2.266944872913882, 0], [3.707823070744052, 0], [4.825309160358304, 1], [7.689523239522241, 0], [9.354881472345442, 0], [11.9021959275892, 0], [13.398848181935028, 0], [15.423271069624462, 0], [14.17567235451088, 1], [19.122972518457104, 0], [14.622972518457104, 0], [10.35535201317972, 0], [6.741308841266356, 0], [5.657108226730488, 0], [6.1241668353648855, 0], [6.3717564186872915, 0], [8.555473440801725, 0], [11.117732915175147, 0], [13.288660314898005, 0], [15.828837325945495, 0])
(21, [0.0, 0], [1.3413478130707517, 0], [2.743728180188618, 1], [4.9963358055334535, 0], [3.111363136429342, 0], [3.5818562121829016, 0], [3.2938663114327937, 0], [4.991405803197995, 0], [7.419636185676791, 0], [3.900561326039024, 0], [5.750834002643824, 0], [1.5565005014681712, 1], [7.124148421469144, 0], [9.016397275696507, 0], [11.165323420185594, 0], [9.212156558259395, 0], [6.4472031489945945, 0], [5.6831193889025595, 0], [7.818279525474645, 0], [8.716863241678725, 0], [4.4847306881366915, 0])
(21, [0.0, 0], [0.6639705444742576, 1], [2.174784827972762, 0], [6.421089469532278, 1], [2.495108632133342, 0], [2.374578655972145, 0], [2.2972468649223443, 0], [1.8679795600892972, 0], [2.094486576267518, 0], [1.5685630508651955, 0], [1.9076414264924821, 0], [2.1618855256075036, 0], [1.9798324417509137, 0], [1.6180580486729739, 0], [1.8944483630545434, 0], [1.8768816020060328, 0], [1.7091051066946237, 0], [2.3170584570337085, 0], [2.7109584171744063, 0], [2.6433640559157356, 0], [1.7368452134029937, 0])
(7, [0.0, 0], [1.9270595395239072, 0], [2.640925271011815, 1], [2.8753022871466354, 1], [7.01561064645648, 0], [9.297373090917244, 0], [11.770301018189638, 0])
(18, [0.0, 0], [0.07807786267898278, 1], [4.800886264350265, 0], [6.205668796249666, 0], [8.46750115035102, 0], [10.176707031135448, 0], [11.841502642678098, 0], [13.778382948227227, 0], [16.1011388533283, 0], [17.690493746311404, 0], [13.414415479799732, 0], [8.913915479799734, 0], [4.412915479799733, 0], [0.0, 0], [0.0, 0], [0.0, 0], [0.0, 0], [0.0, 0])
(18, [0.0, 0], [6.088916398556256, 1], [4.247588191693649, 0], [24.42006787862502, 1], [2.801000855443534, 0], [3.3895763569511472, 0], [5.144489737669938, 0], [7.538032360700891, 0], [4.249079202795867, 0], [6.190355205331463, 0], [6.108581484797408, 0], [4.418280366910622, 0], [4.992973882923835, 0], [6.519197907680645, 0], [6.617435178689659, 0], [6.945742987412959, 0], [7.33180584014859, 0], [7.28200627438724, 0])
(18, [0.0, 0], [1.9186006440204801, 1], [3.8653627644758672, 0], [5.869803428533487, 0], [7.559188956441357, 0], [9.472874702396801, 0], [11.644681028672492, 0], [14.072482595848848, 0], [16.388191262912002, 0], [17.94297190834768, 0], [20.23011674399022, 0], [21.710137389535085, 0], [22.072874381677245, 0], [21.309719255128876, 0], [21.418646876309065, 0], [21.07939097139053, 0], [21.05189534009434, 0], [21.05676113882102, 0])
(15, [0.0, 0], [1.9247285515535624, 0], [4.076586852176115, 0], [3.0606396736586436, 0], [7.571240566625055, 1], [3.0797419594600797, 0], [3.2933864803519097, 0], [4.662753762421198, 0], [6.757831823686137, 0], [3.9360403754147706, 0], [1.00104861591269, 0], [0.006311042900623929, 0], [0.0021841809988884324, 0], [0.00027007823209639775, 0], [2.459813895093793, 0])
(18, [0.0, 0], [2.0149781387066468, 0], [2.78, 0], [1.7150218612933537, 0], [0.6199463237117427, 1], [0.6973295346398293, 1], [6.084774180827662, 0], [7.899590211291796, 0], [3.2581887443192232, 1], [11.777934523811563, 0], [13.032910314863548, 0], [13.851260017380119, 0], [13.856905914968811, 0], [12.619249602230266, 0], [7.023918821372303, 1], [13.370950697208755, 0], [13.873322704513559, 0], [13.588854612908326, 0])
(7, [0.0, 0], [1.6729401508579032, 0], [2.0304040559986603, 0], [1.5939064311748368, 0], [1.7583827894600106, 0], [0.8983889886954161, 1], [1.9070074575208125, 0])
(18, [0.0, 0], [2.1816596273565665, 0], [4.6221167809097095, 0], [6.796626171912067, 0], [8.190977164986544, 0], [6.0686030144272385, 0], [3.439459657878615, 0], [3.385772531921975, 0], [5.608638933533803, 0], [7.663973332196475, 0], [9.222469596005977, 0], [9.977471240993587, 0], [5.477471240993587, 0], [5.680867096227594, 0], [7.276504730018787, 0], [9.68310373172164, 0], [11.681727585783229, 0], [13.023857091632673, 0])
(7, [0.0, 0], [1.6271240109577776, 0], [3.846188665740192, 0], [34.06048228950875, 1], [7.557201667479239, 0], [6.132246982703346, 1], [11.631117390072903, 0])
(7, [0.0, 0], [1.9061880165012552, 0], [3.474408321059309, 0], [9.647709310249514, 1], [7.1022128574317325, 0], [8.639346457202919, 0], [11.186402496811933, 0])
(8, [0.0, 0], [1.4672150202794, 0], [3.5059977186378095, 0], [5.583581403829157, 0], [7.810964202065952, 0], [9.888220736966467, 0], [12.108406032668425, 0], [13.851353628910145, 0])
(4, [0.0, 0], [1.6427526912186297, 0], [1.94773061780259, 0], [2.1168903360562394, 0])
(6, [0.0, 0], [2.0236722298897805, 0], [3.1187416876899077, 0], [4.544642750243657, 0], [6.676257930677385, 0], [9.036584434523249, 0])
(6, [0.0, 0], [2.430821598530747, 0], [4.891253955056891, 0], [6.286392716295086, 0], [8.630347385513597, 0], [11.15147822878789, 0])
(7, [0.0, 0], [0.8952418058429892, 1], [4.612631324818358, 0], [7.105945462500678, 0], [8.533039560634643, 0], [10.720822685305029, 0], [73.94871618689753, 1])
(6, [0.0, 0], [2.5200252912472934, 0], [4.989757861383259, 0], [6.768710222444496, 0], [8.899456905014812, 0], [10.963431559922173, 0])
(6, [0.0, 0], [2.3087581406813116, 0], [2.531386917181313, 1], [6.975356824253685, 0], [9.510662674298509, 0], [11.870232538483103, 0])
(6, [0.0, 0], [1.7641803682548924, 0], [2.6136470011673127, 1], [4.808471481292509, 0], [59.765859085651414, 1], [8.967750773602164, 0])
(24, [0.0, 0], [1.4338497789110989, 0], [4.033343723951839, 0], [6.206377868866548, 0], [6.983825316052417, 0], [3.3077520434511825, 0], [2.4055833633756265, 0], [2.556300835800357, 0], [4.554603635845705, 0], [6.265762017387896, 0], [8.798410767666063, 0], [10.787961224582975, 0], [12.823819242697207, 0], [15.244602054916319, 0], [16.719029838242566, 0], [18.698526952671816, 0], [15.329092030553147, 0], [10.829092030553147, 0], [6.329092030553147, 0], [6.259041122463532, 0], [5.34267386412248, 0], [71.0255028453382, 1], [9.470704734046011, 0], [12.062441959814167, 0])
(6, [0.0, 0], [2.4898507696576417, 0], [4.751425417000428, 0], [6.500111148576252, 0], [8.067996131698601, 0], [10.457964498130604, 0])
(6, [0.0, 0], [1.9268036884954198, 0], [3.676919280225411, 0], [5.548401769367047, 0], [7.863044536369852, 0], [9.889619595441035, 0])
(4, [0.0, 0], [1.9125618690857664, 0], [3.837506195949391, 0], [5.838076825276949, 0])
(6, [0.0, 0], [1.451010330603458, 0], [3.3333675439003856, 0], [5.09036956833722, 0], [6.0525789223006, 0], [51.49210245668214, 1])
(15, [0.0, 0], [1.455173372430727, 0], [3.067103673121892, 0], [4.755992385675199, 0], [6.735017866501584, 0], [8.089873566059396, 0], [10.347041973471642, 0], [12.635929779754951, 0], [13.44188737786375, 0], [12.619788594506682, 0], [13.182059701122345, 0], [12.919800759791396, 0], [13.596321027711966, 0], [12.74464788239915, 0], [13.157324426700361, 0])
(15, [0.0, 0], [1.6659604570362716, 0], [3.5196370284073053, 0], [6.002320845914074, 0], [8.595559709332884, 0], [10.22130936072208, 0], [12.157581484410912, 0], [14.57452532381285, 0], [16.120505952532405, 0], [71.54693075504085, 1], [5.725696084556947, 1], [7.1722979580915975, 0], [1.0683847236450206, 1], [0.056876167100971216, 0], [0.006042775275604052, 0])
(8, [0.0, 0], [1.4415898096282036, 0], [3.359508958668448, 0], [5.161873282142915, 0], [6.8997634121915326, 0], [8.405060342210344, 0], [9.722598506673238, 0], [11.49437017966993, 0])
(2, [0.0, 0], [2.536355483182706, 0])
(15, [0.0, 0], [2.215580755379051, 0], [2.694424743573181, 0], [2.466517606442794, 0], [2.5119864720804617, 0], [1.5392799029313025, 0], [1.5543454228388143, 0], [2.243809747062623, 0], [1.8074430654710156, 0], [1.628534316010773, 0], [2.3444483655923976, 0], [1.6253565288335083, 0], [12.962224125168666, 1], [2.7542320745950564, 0], [4.811518515724149, 1])
(16, [0.0, 0], [1.5979431530693546, 0], [3.7924352002330126, 0], [5.386710304999725, 0], [7.687214850820602, 0], [9.120641219080428, 0], [10.801311338669622, 0], [13.01118653190788, 0], [15.491275266930462, 0], [17.04471235985402, 0], [18.459378679958174, 0], [35.43725201327848, 1], [21.300373500008135, 0], [21.40590874581132, 0], [21.117729345690456, 0], [22.172323630382305, 0])
(8, [0.0, 0], [0.0, 0], [0.0, 0], [0.0, 0], [0.0, 0], [0.0, 0], [0.0, 0], [0.0, 0])
(15, [0.0, 0], [2.527125300304033, 0], [5.131000041746268, 1], [5.533631439483726, 0], [7.538711994444021, 0], [8.913414420280606, 0], [10.916187148331664, 0], [12.566421272116713, 0], [14.009587964392267, 0], [16.118036216427573, 0], [17.208910594567843, 0], [12.983140243690414, 0], [9.21104072000951, 0], [5.44914016857863, 0], [7.9806483588798764, 0])
(10, [0.0, 0], [8.287258980069641, 1], [3.1154472965048625, 0], [5.656324048852548, 0], [7.617445287271403, 0], [9.450504052452743, 0], [6.733304615421221, 0], [6.699102489729412, 0], [6.4894790002470835, 0], [9.087566173248923, 0])
(15, [0.0, 0], [1.6577515976503492, 0], [2.148427386973053, 0], [2.0864742547692727, 0], [2.648111493508331, 0], [1.723626634054817, 0], [2.4047686750721184, 0], [1.8001799183385443, 0], [2.7623837447445836, 0], [1.576661341609433, 0], [2.5650159825058654, 0], [1.647502768919803, 0], [2.78, 0], [1.8957794312341136, 0], [1.8014301937026902, 0])
(25, [0.0, 0], [2.465745268156752, 0], [3.988864024798385, 0], [5.339567965509921, 1], [1.982483550343197, 0], [0.5038605595479315, 0], [0.09016191325346726, 0], [0.04156983470838149, 0], [0.018279271794962516, 1], [0.002515568055267196, 0], [0.0002295319247521871, 0], [0.00013943862104270373, 0], [0.0, 0], [0.0, 0], [0.0, 0], [0.0, 0], [0.0, 0], [0.0, 0], [0.0, 0], [0.0, 0], [9.9289, 1], [0.0, 0], [0.0, 0], [0.0, 0], [0.0, 0])
(24, [0.0, 0], [2.4143414126941933, 0], [3.870837091025896, 0], [6.30111767204944, 0], [8.092241639271377, 0], [10.0014469088288, 0], [12.446637713210654, 0], [14.8066312556155, 0], [16.258930289209818, 0], [17.868683865433557, 0], [19.992590302717872, 0], [20.335602801821388, 0], [20.053656670263745, 0], [20.953650866531778, 0], [21.052685010904646, 0], [21.723687562816774, 0], [22.17248592700809, 0], [21.479577573277055, 0], [10.664778333291348, 1], [21.955591165255754, 0], [129.01460612525017, 1], [21.15600408125203, 0], [18.678230037735933, 0], [14.178230037735933, 0])
(24, [0.0, 0], [2.1431440421845767, 0], [1.5872023128159343, 0], [1.7158915497316045, 0], [1.8054563231486824, 0], [2.1253575169434766, 0], [13.490813148453148, 1], [1.8750047781690953, 0], [1.857156205847859, 0], [2.5012730702245607, 0], [1.84643169503659, 0], [1.489408158622682, 0], [2.78, 0], [2.7052803344279526, 0], [1.5892563559999686, 0], [1.9554966747481375, 0], [1.7489638206269589, 0], [2.6280179847916587, 0], [2.271329894517548, 0], [2.250827869721688, 0], [1.5576348459068683, 0], [1.5370087096653877, 0], [1.5011534701986236, 0], [2.710299928411841, 0])
(24, [0.0, 0], [1.9189507206669076, 0], [3.641124780732207, 0], [5.64349757458549, 0], [8.085082490206696, 0], [10.28475230699405, 0], [12.166989509551785, 0], [13.556701839771122, 0], [13.176634965031408, 0], [13.81532602546271, 0], [13.02577794842422, 0], [13.05008841865696, 0], [12.97303603862878, 0], [13.430255364496261, 0], [12.616449946616777, 0], [12.6486060970556, 0], [12.694859561496415, 0], [13.644177733371034, 0], [12.762134735668079, 0], [13.056211380530149, 0], [12.760819770358504, 0], [13.090854397844524, 0], [12.951862372118049, 0], [13.298902479335666, 0])
(24, [0.0, 0], [2.506885636271909, 0], [4.527109930571169, 0], [72.18637623453176, 1], [9.20815485867206, 0], [10.79850287598092, 0], [13.070707788411527, 0], [15.056829782645217, 0], [17.525967887463047, 0], [16.88001466916432, 0], [12.59627049214385, 0], [8.09627049214385, 0], [4.633368449021099, 0], [0.47368984582454166, 0], [0.008453124233362416, 0], [1.8874038757363607, 0], [3.9473863343315467, 0], [5.100912070041522, 0], [6.780981788760982, 0], [9.198816501488908, 0], [10.774285880988462, 0], [12.822748153400605, 0], [14.938265329273415, 0], [16.439654342969877, 0])
(23, [0.0, 0], [2.3214547074865552, 0], [2.558981780223381, 1], [4.602722902659327, 0], [17.587702702051015, 1], [4.129670058488846, 0], [5.679644282506779, 0], [7.081813028426842, 0], [9.111437411904335, 0], [59.699137360191656, 1], [13.39131846786011, 0], [15.027075139917432, 0], [16.33957672339864, 0], [18.312267716364005, 0], [20.06515396062285, 0], [21.050106697184965, 0], [21.324461294738576, 0], [22.141578270359894, 0], [21.70187828348018, 0], [21.41205749630928, 0], [21.480259819682686, 0], [93.18851977291271, 1], [21.592579124616456, 0])
(24, [0.0, 0], [2.46298955923412, 0], [4.189451993280091, 0], [6.529487226787023, 0], [57.10884991608891, 1], [10.463724821410143, 0], [12.326909018051811, 0], [14.875812940765172, 0], [17.089165510656315, 0], [19.539887141017246, 0], [21.98907128765714, 0], [20.942281015850604, 0], [22.072704423619435, 0], [21.70760628933087, 0], [21.030950511647386, 0], [20.41334129151255, 0], [19.35074908106267, 0], [19.06632076832768, 0], [6.112231635355246, 1], [19.410671048882826, 0], [15.967652469506021, 0], [12.009165342796113, 0], [8.537472040596723, 0], [8.94736609209411, 0])
(23, [0.0, 0], [1.549669988709502, 0], [29.69019071542921, 1], [5.4850990156177435, 0], [7.700914579420351, 0], [9.381429999344983, 0], [10.780075080995449, 0], [13.028106191311963, 0], [10.517374677876939, 0], [7.368958369959143, 0], [5.570216275248676, 0], [6.271379958195611, 0], [0.8046345354453706, 1], [10.198003705693408, 0], [12.097238836423493, 0], [13.171534917536192, 0], [13.686481221704744, 0], [2.966534440920137, 1], [8.654701970506615, 0], [5.344020364498301, 0], [0.8440203644983013, 0], [0.2736405452618838, 0], [0.06596062089760947, 0])
(23, [0.0, 0], [0.0, 0], [0.0, 0], [0.0, 0], [0.0, 0], [0.0, 0], [0.0, 0], [10.9505, 1], [0.0, 0], [0.0, 0], [0.0, 0], [0.0, 0], [0.0, 0], [0.5377, 1], [0.0, 0], [0.0, 0], [0.0, 0], [0.0, 0], [0.0, 0], [0.0, 0], [0.0, 0], [0.0, 0], [0.0, 0])
(14, [0.0, 0], [1.939019060949795, 0], [3.6571210759459065, 0], [5.338995134853759, 0], [7.7974004871910445, 0], [9.377821276290343, 0], [11.776928367558867, 0], [10.870986108846994, 1], [15.657603244297205, 0], [18.21285901053343, 0], [42.41347767200675, 1], [22.941004332737066, 0], [25.397267221543007, 0], [26.628909180145712, 0])
(14, [0.0, 0], [1.5606355415177324, 1], [4.076886869641021, 0], [6.048187636560762, 0], [7.829854526044802, 0], [9.804075232334435, 0], [12.207892309105954, 0], [14.152007135539314, 0], [15.987912101228721, 0], [18.011174648511222, 0], [19.651811266248114, 0], [20.96778402386699, 0], [22.320412287372168, 0], [24.55695480734576, 0])
(10, [0.0, 0], [1.358593456237577, 0], [2.7013217421015723, 0], [1.805750311860815, 0], [0.7592122851474681, 0], [0.34376334832202, 0], [0.00794157827001726, 0], [0.008114121029428446, 1], [0.0008093734686961499, 0], [0.0, 0])
(10, [0.0, 0], [2.4148764613550155, 0], [4.208414170728065, 0], [6.488982753292658, 0], [8.404425397096203, 0], [10.196500438847579, 0], [12.19098885639105, 0], [14.049351671966724, 0], [15.60453987682494, 0], [13.393738628380989, 0])
(9, [0.0, 0], [1.6192798072239385, 0], [3.1789679461391644, 0], [4.828116071922706, 0], [6.920203966344707, 0], [7.849903415744657, 0], [4.2040455704280175, 0], [5.675134414527565, 0], [5.813051470695063, 0])
(10, [0.0, 0], [1.8962816217448561, 0], [3.211683224630542, 0], [5.007138760667294, 0], [6.83429246591404, 0], [8.944734070193954, 0], [91.44588053715817, 1], [2.173865215531476, 1], [15.339503572438844, 0], [17.85161149830092, 0])
(10, [0.0, 0], [2.3841424521291628, 0], [3.8253451239550484, 0], [6.027037607831881, 0], [8.040671946434305, 0], [10.629820750188083, 0], [12.80606636176817, 0], [14.743216005456633, 0], [16.270164922391995, 0], [18.03138215946965, 0])
(1, [0.0, 0])
(1, [0.0, 0])
(1, [0.0, 0])
(4, [2.1131, 1], [1.5384407247649505, 0], [2.7098667511902748, 0], [2.567686946825124, 0])
(1, [0.0, 0])
(2, [0.0, 0], [1.7945085709914566, 0])
(1, [0.0, 0])
(20, [0.0, 0], [2.2493048445787283, 0], [3.1676747591700405, 0], [2.3885564094176512, 0], [4.8961910696234545, 0], [5.52633728471119, 0], [5.518676857580431, 0], [7.248980098683386, 0], [9.24324525897391, 0], [11.482172092143445, 0], [13.668295562430284, 0], [16.001768629276196, 0], [14.129895618145861, 1], [19.84896202287637, 0], [20.93337618867401, 0], [21.159348624437115, 0], [22.16629422291182, 0], [21.95618702411186, 0], [20.434354110948178, 0], [16.040181866091576, 0])
(20, [1.4418, 1], [2.361557601718232, 0], [8.494787723614355, 1], [5.451863251603209, 0], [55.89983566089769, 1], [10.040243876073509, 0], [1.1980964239770102, 1], [12.872692933385261, 0], [10.747741981734212, 0], [6.247741981734212, 0], [5.438485039854422, 0], [5.4856910265423355, 0], [6.428384780501947, 0], [8.409791819229723, 0], [10.424988171029836, 0], [12.845835172864609, 0], [12.99965479100123, 0], [12.81292664544657, 0], [13.084055306422524, 0], [13.058771562515759, 0])
(19, [0.0, 0], [2.4516040216898545, 0], [4.31247504488565, 0], [6.614503350621089, 0], [9.049899374949744, 0], [8.236643058005415, 1], [13.228624853980724, 0], [97.62629542673557, 1], [17.65578770348802, 0], [20.233311214274725, 0], [21.443201161506586, 0], [21.934160262048245, 0], [21.7271310399333, 0], [21.403736804290673, 0], [21.709719882654024, 0], [21.21276114562526, 0], [22.148457027417606, 0], [21.497105590701103, 0], [17.743264508314063, 0])
(21, [0.0, 0], [1.7454662874806672, 0], [3.1143255837960164, 0], [0.8367218927564768, 0], [0.35244556828618534, 0], [0.06448619998633633, 1], [0.4146529430368802, 1], [0.01888934102706316, 0], [0.00720720559838668, 0], [0.0019120579269206624, 0], [0.0004404330166790817, 0], [5.039594277039381e-05, 1], [0.0, 0], [0.0, 0], [0.0, 0], [0.0, 0], [0.0, 0], [0.0, 0], [0.0, 0], [0.0, 0], [0.0, 0])
(20, [0.0, 0], [1.7893513403134422, 0], [3.7612359608989214, 0], [5.485746222292074, 0], [7.378623603004964, 0], [9.55939187759068, 0], [12.005776756652633, 0], [13.587827117089184, 0], [16.169841837906283, 0], [18.376104352367115, 0], [19.728528518858372, 0], [0.028603693467718558, 1], [24.18647302968894, 0], [26.155631613056187, 0], [26.93775702903047, 0], [27.515913286823782, 0], [26.763799277525397, 0], [27.685992109049113, 0], [27.236027141702362, 0], [27.206533696660774, 0])
(24, [0.0, 0], [2.5542908898089083, 0], [10.050507887392703, 1], [1.080642212535199, 1], [9.476805717428215, 0], [11.48301164964214, 0], [89.1821909646761, 1], [13.526443926859647, 0], [13.517747968141922, 0], [133.16999185872612, 1], [12.892947485633195, 0], [13.393546246141195, 0], [13.68875430399552, 0], [13.247902102149093, 0], [13.564267001147382, 0], [13.804746530982666, 0], [12.675022120224313, 0], [35.630765764834926, 1], [12.6714840241801, 0], [12.609420896307565, 0], [13.287393455076963, 0], [13.727909615412354, 0], [13.51217595470138, 0], [9.985897125589814, 1])
(11, [0.0, 0], [2.2227642804617065, 0], [3.603204956953414, 0], [6.151866908324882, 0], [5.957300227966604, 1], [3.514223961529391, 1], [10.270807642776054, 0], [6.247320236275154, 1], [2.796021342370659, 0], [3.611566088744439, 0], [5.708756364020519, 0])
(11, [0.0, 0], [1.598823423217982, 0], [2.9525680362479765, 0], [4.550842041079886, 0], [6.574445346230641, 0], [8.856985426950269, 0], [10.493552101124077, 0], [12.984221738995982, 0], [12.69518535003066, 0], [13.39592764574103, 0], [12.938182363412343, 0])
(11, [0.0, 0], [1.9714434386929498, 0], [0.0355872917857836, 1], [5.320903763361276, 0], [6.81694213335868, 0], [8.320168209658004, 0], [9.659841720457187, 0], [11.69870289703831, 0], [13.410169927263631, 0], [15.440739215142093, 0], [17.180506433569825, 0])
(11, [0.0, 0], [2.1418162689777094, 0], [3.923106862348505, 0], [6.096876028622501, 0], [8.142297379323281, 0], [9.79544761085417, 0], [12.338272475707344, 0], [89.31989848583429, 1], [13.69039923451841, 0], [12.679385389001109, 0], [13.276201343871653, 0])
(11, [0.0, 0], [1.814302654284984, 0], [29.62272720919561, 1], [5.682313750186004, 0], [7.36725192304235, 0], [9.423991141458973, 0], [11.469852013853378, 0], [14.06381563566625, 0], [16.503349451967512, 0], [18.221262928298675, 0], [19.889575207363816, 0])
(11, [0.0, 0], [2.5510163446655496, 0], [4.706189365731552, 0], [69.90505909619131, 1], [5.434902996451594, 0], [6.398567075799219, 0], [48.90704516059226, 1], [6.155937067018822, 0], [34.03053943295951, 1], [4.812519711408765, 0], [6.253282689618878, 0])
(12, [0.7356, 1], [0.0, 0], [0.0, 0], [0.0, 0], [0.0, 0], [0.0, 0], [0.7856, 1], [0.0, 0], [0.0, 0], [0.0, 0], [0.0, 0], [0.0, 0])
(1, [0.0, 0])
(4, [0.0, 0], [1.8126353823579848, 0], [3.7194649181794377, 0], [5.925830322597177, 0])
(11, [0.0, 0], [2.2510378712788226, 0], [4.094888650323265, 0], [5.512542977347039, 0], [7.871669615339488, 0], [10.212658709543758, 0], [12.26305752634071, 0], [13.770949160796592, 0], [16.24341504063923, 0], [18.79819083111361, 0], [16.17834434738369, 1])
(17, [0.0, 0], [2.2387025407515466, 0], [4.825874267355538, 0], [1.6910081598432851, 1], [9.234318330627866, 0], [10.846892164973543, 0], [12.238696305477061, 0], [13.09322509650141, 0], [13.155683348081075, 0], [67.16677343110847, 1], [13.581710869641975, 0], [13.835522504043766, 0], [13.152735212268308, 0], [13.518213878674434, 0], [13.334129319442436, 0], [12.814894400662743, 0], [13.496979252141902, 0])
(17, [0.0, 0], [2.5450233719777318, 0], [1.8665389487473292, 0], [2.234252733523026, 0], [1.7749364932021123, 0], [1.7045357535080983, 0], [10.247079999999999, 1], [2.1109661161853, 0], [2.3832111442415043, 0], [2.193629294745624, 0], [2.679330547172576, 0], [2.721417916351929, 0], [1.5165371707826851, 0], [2.305577097106725, 0], [2.6516389718465505, 0], [2.7681162980571385, 0], [1.6880124451778826, 0])
(17, [0.0, 0], [14.558515904568814, 1], [3.925326741999015, 0], [5.746900641010143, 0], [8.202462759101763, 0], [4.391600768821136, 1], [11.465595581382512, 0], [13.155692612426355, 0], [15.265350399725138, 0], [17.241968495585024, 0], [18.712995636137205, 0], [20.872309543774467, 0], [21.871040216139516, 0], [21.096015198929233, 0], [21.91634490550961, 0], [21.965447937468998, 0], [21.413034250801427, 0])
(17, [0.0, 0], [2.1279572094092147, 0], [3.9735952154267586, 0], [6.0176896549528465, 0], [8.537642187112942, 0], [10.541398280486463, 0], [128.14389004252496, 1], [13.848765357024966, 0], [16.172893307101912, 0], [17.713181282067673, 0], [19.68167669512332, 0], [19.996625692657567, 0], [16.09072459501118, 0], [11.840442842214765, 0], [8.576806625554854, 0], [4.400633745208204, 0], [0.03017933990617145, 0])
(18, [0.0, 0], [0.5552321637242473, 1], [3.231905985204503, 0], [49.49641684407, 1], [8.218592732260005, 0], [10.508127857511864, 0], [12.38798500224948, 0], [14.329273912264034, 0], [16.756560035049915, 0], [18.54394075316377, 0], [20.356610181555155, 0], [22.856435136869553, 0], [22.396530701704478, 0], [18.078215459310606, 0], [13.633545338235718, 0], [9.60891809938996, 0], [5.10891809938996, 0], [0.8454996816683078, 0])
(17, [0.0, 0], [1.9928339768201113, 0], [3.8420721091795715, 0], [6.39069981535431, 0], [7.806906430469826, 0], [9.45325200096704, 0], [11.628443248826079, 0], [13.800875231274404, 0], [15.739500679494814, 0], [17.46831861766987, 0], [9.354273184573131, 1], [20.093662507383456, 0], [15.593662507383456, 0], [11.345824877189767, 0], [7.574931925656273, 0], [10.171627669762819, 0], [11.768408038890918, 0])
